-3.928
-1.285
-6.580
-10.965
-11.116
-10.286
-8.608
-9.570
-10.489
-7.722
-11.914
-10.321
-9.374
-10.541
-10.260
-7.392
-6.019
-5.483
-6.679
-7.296
-7.194
-8.188
-3.884
0.323
-1.762
-6.932
-10.043
-9.950
-10.024
-9.123
-7.706
-6.003
-9.770
-12.840
-8.909
-7.869
1.792
6.619
12.344
13.422
15.277
16.944
16.751
15.546
15.721
15.594
15.423
15.141
15.293
13.614
10.948
8.199
3.113
-1.815
-2.285
-2.035
-1.925
-1.729
-3.999
-6.202
-8.469
-7.729
-9.013
-4.235
-3.036
-3.657
0.291
9.911
12.585
13.520
12.473
12.455
13.595
13.733
13.543
11.813
8.678
1.261
-0.205
-0.533
-0.945
-1.509
-2.299
-0.895
0.116
1.547
2.924
1.778
0.297
1.806
14.246
20.285
21.667
22.894
24.302
24.764
25.061
25.846
24.992
22.626
21.716
20.764
19.417
18.571
17.284
16.616
18.105
20.448
20.828
20.404
19.849
18.876
16.393
10.859
10.121
11.203
13.388
14.544
16.871
15.627
14.210
11.869
4.383
-5.751
-5.021
0.833
3.286
3.366
9.935
18.833
18.789
17.389
16.472
13.956
12.423
11.560
12.422
13.437
14.244
17.466
20.999
22.007
23.362
23.678
23.513
23.334
23.382
22.631
21.985
19.561
16.543
15.578
14.756
13.311
13.870
13.763
11.003
8.094
8.965
10.219
12.808
13.377
13.274
14.157
14.001
14.224
15.615
15.478
12.518
5.613
-2.785
-4.012
-3.984
-2.987
2.748
2.423
3.217
1.937
2.988
1.893
5.321
14.244
16.200
18.078
18.959
19.276
19.241
17.417
15.609
14.490
13.932
15.278
14.033
9.873
2.437
-4.617
-8.364
-6.236
-5.721
2.667
0.548
-0.923
0.242
7.172
9.575
6.000
-0.887
-5.925
-6.158
-8.694
-1.603
-0.714
-0.851
0.148
7.384
16.987
19.319
18.877
18.542
17.224
16.002
12.625
7.793
2.772
-0.139
-1.999
-1.041
0.003
-3.780
-5.453
-6.653
-8.497
-10.260
-7.862
-4.025
0.212
2.204
3.091
-2.534
-4.253
-1.919
-3.245
-5.329
-5.905
-6.842
-8.135
-5.559
-6.241
-3.564
8.223
11.585
10.502
10.798
10.936
10.777
11.496
10.734
11.142
10.564
8.415
7.556
10.003
10.827
9.797
8.376
8.793
9.252
9.438
9.880
7.752
6.644
6.585
7.139
8.551
5.583
6.753
9.144
9.136
8.385
8.571
10.383
10.744
11.051
9.704
3.950
0.400
-8.289
-10.338
-9.499
-9.804
-11.414
-11.775
-11.316
-9.408
-10.143
-10.164
-9.169
-7.015
-1.821
-14.279
