-6.183
-5.484
-6.199
-5.953
-5.568
-3.700
-2.884
-5.358
-5.174
-0.920
-4.587
-7.636
-7.340
-10.339
-11.572
-9.128
-7.468
-8.957
-8.391
-8.649
-10.742
-8.624
-7.037
-5.579
-6.293
-6.204
-6.786
-8.944
-2.149
-4.044
-3.251
-5.237
-9.900
-10.458
-8.660
-5.996
1.595
-0.163
-4.444
-6.462
-2.391
-5.462
-6.144
-6.245
-8.924
-8.216
-8.597
-10.831
-10.122
-7.536
-8.935
-11.439
-8.597
-8.586
-7.341
-2.721
-1.929
-3.398
-2.579
-0.783
-0.669
-0.914
-2.053
-3.054
-7.450
-7.984
-6.370
-2.894
-1.317
-0.007
-1.343
-3.524
-4.536
-5.255
-6.501
-5.401
-1.329
-2.115
-3.624
-5.548
-6.185
-4.549
-1.411
0.223
-0.913
-1.998
-3.553
-2.928
-2.160
0.699
2.261
3.435
2.876
5.455
6.745
9.011
9.175
8.247
7.278
6.090
4.487
3.349
1.689
-1.006
0.174
0.430
2.038
0.965
-1.983
-3.743
-3.951
-5.174
-5.539
-4.168
-4.368
-7.158
-5.972
-5.828
-10.251
-11.787
-11.976
-12.059
-12.240
-8.671
-6.510
-6.231
-7.388
-8.799
-9.785
-8.354
-3.235
-0.379
-0.753
-4.163
-5.287
-4.626
-1.621
-2.787
-6.171
-9.224
-11.513
-12.551
-8.877
-3.187
-0.459
-0.391
-2.563
-3.701
-1.494
-1.935
-6.721
-9.836
-11.227
-12.536
-12.112
-11.900
-12.974
-12.823
-12.467
-12.976
-12.105
-11.012
-11.686
-11.565
-12.636
-13.499
-12.656
-11.744
-12.045
-13.389
-13.479
-14.520
-14.657
-14.515
-14.671
-14.148
-14.284
-14.707
-14.626
-2.036
4.007
4.589
5.959
7.622
6.116
5.239
3.527
1.237
1.707
2.221
1.831
2.944
3.148
2.796
4.575
2.394
-6.158
-10.531
-12.586
-14.497
-14.747
-14.670
-14.630
-14.311
-14.678
-14.745
-14.715
-12.718
5.728
6.681
1.831
-4.933
-5.242
-5.896
-2.064
-0.153
1.279
5.972
5.865
7.627
8.176
9.920
11.185
10.633
11.647
11.828
12.186
12.169
12.052
13.693
14.461
14.373
14.981
15.112
14.071
12.115
11.357
9.633
8.406
6.201
5.509
4.546
4.496
3.095
2.484
2.859
3.878
3.238
3.225
2.026
0.686
-0.942
-4.621
-6.503
-5.951
-4.461
-0.343
-1.860
-0.740
-0.813
-0.427
-2.864
-3.962
-3.597
-2.927
-2.845
-4.431
-9.052
-10.849
-11.021
-12.057
-12.225
-12.715
-7.024
-1.161
-1.521
-1.069
0.529
10.958
9.820
11.287
11.344
13.417
13.803
12.286
10.812
9.990
9.467
9.578
9.458
10.281
10.958
11.818
11.195
10.382
10.039
9.501
7.711
-3.564
-14.461
