3.522
9.813
0.289
-5.232
-5.706
-5.713
-7.071
-7.395
-8.385
-10.507
-13.026
-13.366
-13.454
-13.667
-13.111
-9.749
-6.848
-9.779
-12.660
-11.899
-11.170
-11.658
-14.249
-13.922
-13.441
-13.964
-14.657
-13.918
-13.198
-11.222
-10.367
-11.522
-9.969
-11.275
-12.039
-9.689
-9.182
-8.596
-8.481
-6.492
-0.247
-0.295
-5.036
-6.466
-6.617
-5.696
-3.637
-4.375
-6.419
-2.562
-1.881
-5.334
-5.919
-5.248
-3.419
-5.103
-6.018
-0.295
-0.570
-1.415
2.176
6.552
10.019
11.238
12.676
12.538
13.601
14.116
13.787
11.897
10.431
7.965
3.447
-2.010
-5.625
-8.463
-9.220
-9.460
-10.277
-10.067
-11.924
-7.653
-6.375
-6.174
-8.506
-11.478
-9.641
4.863
0.289
-5.200
-8.777
-8.441
-1.469
3.757
2.483
2.466
0.180
-1.866
-4.929
-8.625
-9.377
-9.993
-6.794
-3.462
-3.410
-2.829
-4.760
-2.263
10.178
13.817
12.667
11.673
7.714
0.080
-4.375
-2.544
-3.680
-4.631
-4.297
-4.946
-6.948
-8.768
-8.880
-7.168
-1.387
1.451
3.646
2.822
1.154
0.966
-0.006
-0.726
-1.475
0.746
2.220
-1.061
-0.510
-1.601
-4.794
-6.115
-3.122
-0.330
0.659
0.016
0.581
-2.865
-9.084
-11.851
-7.971
-7.220
-11.120
-10.423
-7.918
-5.554
-0.867
-0.623
-1.015
-1.729
0.654
1.589
3.955
4.338
3.153
2.626
1.189
0.385
0.021
-1.091
-3.112
-4.246
-5.010
-6.693
-4.368
-0.471
0.210
-0.413
-0.552
0.003
0.265
-4.694
-9.067
-7.318
-6.991
-8.805
-6.000
-1.862
-3.617
-5.005
-6.237
-5.005
-4.403
-7.147
-8.511
-11.349
-11.616
-13.604
-14.279
-10.808
-10.557
-8.785
-5.592
-3.004
-2.965
-2.731
-5.041
-7.483
-9.693
-6.810
-3.794
-1.488
-1.275
-1.925
-1.524
-4.962
-7.139
-8.446
-12.809
-12.292
-0.476
-4.286
-5.673
-4.967
-7.511
-9.342
-9.200
-8.369
-8.574
-8.202
-7.465
-9.106
-11.024
-8.588
-3.788
-8.551
-10.359
-9.761
-8.979
-11.576
-12.429
-13.823
-13.366
-7.318
-2.839
-3.662
-5.389
-6.802
-8.733
-8.870
-8.970
-8.165
-9.667
-8.095
-6.596
-5.959
-9.379
-9.640
-10.513
-13.479
-9.690
-4.327
-7.283
-9.707
-10.185
-4.836
-1.201
-1.570
-2.023
-4.436
-4.179
-1.996
0.948
0.688
0.296
0.094
-1.873
-1.954
-1.026
0.141
-0.142
-1.060
-2.726
-3.181
-1.488
-2.811
-4.187
-4.429
-3.341
-3.120
-2.587
-3.428
-2.825
-1.840
-2.037
-3.005
-5.319
-6.630
-7.054
-5.141
-0.956
-14.014
