-2.499
3.824
9.164
6.574
7.549
8.865
12.489
14.651
11.897
16.945
19.213
14.595
20.748
20.987
18.279
18.415
18.752
14.935
9.757
11.105
12.114
8.755
4.725
5.256
11.671
9.287
18.236
13.439
9.964
20.249
25.966
34.302
34.914
34.937
34.941
34.936
34.927
34.911
34.801
34.564
33.873
34.498
34.731
34.795
34.806
34.760
34.676
34.420
33.277
29.880
21.941
24.215
21.251
29.371
33.704
34.812
34.913
34.911
34.914
34.923
34.906
34.758
34.137
31.310
29.838
28.732
30.220
30.198
29.894
28.633
27.198
24.515
27.636
34.789
34.898
34.921
34.895
34.809
34.614
34.636
34.816
34.884
34.850
34.151
33.531
33.065
33.244
32.975
32.562
31.844
34.606
34.900
34.954
34.956
34.951
34.950
34.957
34.930
34.858
34.845
33.997
29.846
24.687
13.529
15.975
11.239
13.555
29.158
29.997
33.747
34.916
34.954
34.941
34.935
34.933
34.885
34.898
34.921
34.924
34.916
34.909
34.900
34.585
30.140
17.269
21.132
26.945
28.472
25.160
20.230
23.776
28.210
34.035
34.847
34.894
34.888
34.892
34.903
34.916
34.918
34.867
34.842
34.918
34.935
34.936
34.925
34.819
34.294
32.257
27.602
23.082
22.491
23.799
30.934
34.833
34.964
34.972
34.974
34.971
34.964
34.966
34.954
34.918
33.585
29.464
19.828
18.591
20.627
25.279
24.941
26.855
20.482
17.901
26.900
28.797
25.657
25.786
21.792
22.813
24.510
26.365
31.989
34.864
34.931
34.938
34.939
34.928
34.921
34.920
34.902
34.898
34.890
34.865
34.842
34.861
34.882
34.888
34.856
34.822
34.817
34.696
34.304
33.576
30.518
25.228
25.815
30.290
28.616
32.819
34.540
34.497
34.388
34.689
34.629
33.529
32.558
31.642
30.774
31.273
30.509
27.856
29.769
27.969
28.649
33.081
33.393
32.454
30.761
32.594
32.482
30.584
26.495
18.798
18.171
23.924
23.306
16.630
14.873
20.568
19.183
14.270
12.840
31.908
33.741
31.564
28.337
31.415
33.482
33.842
33.880
33.911
32.396
32.378
23.242
10.933
11.645
8.649
15.150
32.597
33.383
32.043
33.188
34.651
34.867
34.902
34.938
34.953
34.956
34.951
34.950
34.945
34.931
34.903
34.907
34.909
34.916
34.921
34.927
34.909
34.889
34.693
32.854
25.508
12.783
11.650
13.046
25.197
32.729
33.559
33.571
31.249
33.186
34.775
34.905
34.929
34.927
34.920
34.866
33.889
-10.965
