-11.877
-9.671
-10.554
-13.051
-12.169
-13.087
-13.737
-13.073
-13.674
-12.909
-10.852
-12.064
-11.947
-14.267
-14.758
-14.576
-14.299
-14.116
-14.353
-14.505
-14.440
-13.376
-13.021
-14.130
-12.890
-13.575
-14.319
-14.809
-14.790
-14.765
-14.813
-14.618
-14.697
-14.771
-14.819
-14.680
-14.607
-14.669
-14.506
-14.779
-14.597
-13.441
-8.906
-3.745
-1.959
-2.432
-4.953
-5.311
-6.247
-5.669
-5.601
-7.871
-8.112
-6.496
-5.361
-5.091
-4.272
-3.225
-5.273
-5.497
-4.536
-5.362
-8.138
-4.991
-6.800
-8.524
-8.295
-9.194
-2.996
-4.765
-2.140
-0.861
-2.364
-2.557
-3.230
-3.096
-6.634
-9.204
-5.798
-5.006
-1.739
-0.469
0.016
-2.931
-4.594
-3.683
-2.542
-2.050
-4.770
-8.189
-10.572
-9.057
-6.528
-5.062
-3.020
-3.839
-2.662
-3.684
-5.153
-4.203
-2.350
-1.924
-1.735
-0.534
0.030
-0.489
-1.911
-0.698
0.883
2.623
1.959
1.994
3.389
4.538
5.204
4.389
1.247
-0.240
-2.473
-2.812
-1.867
-2.055
-1.955
-3.783
-6.395
-5.398
-6.605
-11.251
-13.284
-13.844
-12.337
-13.179
-9.554
-6.956
-7.619
-9.524
-9.867
-8.378
-7.053
-3.939
-3.397
-0.877
1.058
1.428
2.684
3.025
4.013
2.244
-1.158
-7.485
-11.471
-13.663
-12.954
-9.367
-10.702
-12.147
-9.576
-8.027
-9.454
-8.908
-8.482
-10.537
-11.648
-11.100
-12.016
-12.079
-10.749
-11.311
-11.282
-7.884
-2.076
-2.612
-1.869
-0.810
-1.797
-1.346
-1.457
-1.509
-1.671
-0.767
-2.115
-3.584
-4.363
-5.876
-8.033
-6.384
-2.033
-3.821
-3.879
-4.008
-1.412
-1.107
-0.673
-0.449
-1.782
-1.172
-0.282
-2.546
-4.502
-5.569
-6.864
-7.379
-5.075
-3.855
-4.171
-4.313
-3.787
-5.105
-5.790
-7.771
-8.747
-9.055
-10.415
-11.375
-13.373
-13.790
-13.529
-12.720
-12.614
-11.984
-9.878
-9.934
-13.014
-14.472
-14.651
-13.549
-10.232
-6.938
-7.359
-8.843
-8.832
-8.048
-8.064
-8.903
-10.707
-12.639
-11.690
-11.085
-10.716
-12.377
-12.905
-10.746
-7.371
-6.281
-8.507
-10.333
-11.858
-13.647
-14.053
-12.907
-12.296
-12.284
-12.220
-12.632
-13.417
-13.138
-11.189
-11.540
-11.897
-11.871
-11.404
-6.750
-9.364
-12.962
-14.211
-14.445
-14.712
-14.878
-14.935
-14.935
-14.777
-13.693
-12.718
-9.041
-8.533
-8.999
-9.480
-9.820
-11.037
-11.879
-12.634
-11.934
-13.450
-12.673
-12.698
-10.627
-10.229
-8.665
-9.249
-9.633
-10.052
-9.074
-9.006
-10.083
-12.139
-12.788
-14.251
-14.448
-12.588
-14.811
