-2.086
-5.795
-9.354
-11.858
-10.076
-4.209
-6.313
-7.121
-7.100
-8.096
-7.692
-9.247
-8.838
-6.067
-9.481
-8.308
-7.183
-5.310
-6.982
-4.961
-6.989
-8.881
-9.791
-10.553
-12.443
-13.959
-14.013
-12.419
-11.345
-11.603
-10.022
-9.193
-10.162
-9.536
-10.848
-12.134
-12.068
-12.106
-11.835
-10.061
-7.055
-4.914
-5.208
-4.170
-5.240
-4.496
-3.880
-0.956
-2.728
-3.978
-9.430
-8.983
-11.226
-12.576
-8.954
-4.452
-2.423
4.120
0.153
2.640
5.597
22.113
29.246
29.799
28.588
28.355
28.233
28.600
29.320
30.314
30.341
29.932
28.208
26.509
23.564
19.391
16.393
17.098
17.300
12.988
6.726
-0.679
1.984
-1.684
-5.066
-2.030
-4.092
12.622
16.721
17.444
14.130
10.248
9.629
5.313
10.822
31.202
33.561
33.665
33.885
34.075
34.350
34.483
34.344
33.597
32.374
30.861
25.900
12.384
4.649
4.911
-4.785
-10.725
-12.876
-10.678
-3.141
-3.066
-2.666
-3.337
-5.382
9.996
24.448
27.941
29.946
29.632
29.167
27.672
27.265
26.288
27.551
28.839
29.074
28.968
28.561
28.257
26.800
24.704
21.247
18.928
21.079
21.735
23.007
25.214
27.834
30.713
31.698
31.679
31.087
30.320
29.829
30.102
29.429
27.936
25.107
21.339
16.790
6.744
1.509
-1.562
3.303
14.173
24.136
29.230
28.463
23.905
24.822
25.449
25.509
25.761
24.817
24.291
25.644
26.030
24.933
26.658
27.388
26.819
26.382
26.330
25.983
26.072
26.721
26.207
27.014
26.851
26.531
26.314
26.295
25.708
25.332
23.682
20.447
15.467
7.746
6.152
10.121
13.340
13.454
14.316
14.027
13.463
13.174
10.923
8.849
7.062
7.985
10.396
12.368
12.993
12.185
10.173
6.729
2.164
2.808
-1.922
-1.727
-4.078
-4.860
-4.880
-5.231
-7.922
-6.037
-10.957
-13.262
-14.216
-14.146
-13.329
-13.042
-12.779
-9.831
-8.603
-7.992
-7.255
-8.681
-9.575
-6.786
-7.091
-9.722
-10.596
-10.171
-11.725
-4.107
-1.869
-6.456
-6.981
-6.460
-10.985
-14.076
-14.488
-14.234
-14.136
-13.429
-11.519
-10.526
-11.598
-9.884
1.524
11.394
14.231
15.273
15.794
18.362
15.461
12.089
25.056
27.823
26.225
21.894
17.269
13.529
12.655
22.374
27.456
30.927
31.000
30.646
29.968
28.721
26.172
21.559
16.667
18.190
18.578
19.339
19.991
18.031
17.238
15.510
10.833
7.793
18.841
25.888
25.694
24.648
24.633
23.407
22.724
22.478
26.991
23.351
-13.132
