21.347
24.974
25.672
24.963
21.548
14.856
26.063
22.853
19.885
19.278
20.142
25.219
22.230
25.097
25.410
27.632
19.907
27.160
21.675
19.500
16.234
11.486
8.042
20.765
20.861
20.161
25.002
20.695
16.143
11.220
14.809
27.552
25.417
28.478
32.634
24.797
27.585
23.948
21.915
9.394
24.594
21.980
13.660
13.153
17.467
25.626
19.586
18.121
32.372
34.946
34.981
34.967
34.982
34.979
34.992
34.995
34.996
34.994
34.993
34.994
34.996
34.997
34.997
34.999
34.999
34.998
34.997
34.997
34.998
34.998
34.997
34.995
34.995
34.993
34.985
34.973
34.973
34.973
34.948
34.958
34.976
34.970
34.966
34.966
34.962
34.960
34.957
34.935
34.932
34.874
34.739
34.379
33.362
32.268
29.074
28.956
25.117
30.153
30.410
24.197
23.478
14.374
13.129
11.327
21.847
34.402
34.876
34.959
34.978
34.983
34.968
34.921
34.826
34.799
34.756
34.745
34.573
34.149
34.233
34.795
34.891
34.909
34.892
34.949
34.965
34.961
34.967
34.948
34.938
34.928
34.911
34.905
34.900
34.885
34.902
34.861
34.347
32.562
25.246
12.412
21.086
18.866
31.918
34.738
34.830
34.945
34.968
34.980
34.975
34.948
34.886
34.949
34.976
34.966
34.938
34.903
34.912
34.895
34.890
34.866
34.810
34.321
31.783
31.314
32.955
34.709
34.767
34.458
32.607
34.757
34.929
34.936
34.918
34.925
34.948
34.952
34.961
34.930
34.759
33.135
24.040
31.970
34.236
33.906
28.741
29.983
33.755
34.813
34.861
34.957
34.989
34.995
34.996
34.996
34.994
34.992
34.986
34.979
34.976
34.981
34.975
34.967
34.953
34.923
34.867
34.737
34.421
33.934
26.094
24.934
26.177
21.513
25.265
18.123
17.355
20.130
14.214
13.209
16.124
12.689
20.263
11.351
18.799
13.569
15.935
16.566
18.573
26.254
27.389
20.211
23.376
26.839
19.609
18.763
21.709
19.043
26.317
30.544
21.122
27.514
23.447
21.648
16.996
23.820
27.420
20.479
28.542
26.678
30.187
32.379
30.587
31.314
24.770
11.973
30.132
29.769
18.602
20.790
30.878
30.898
32.971
27.662
33.926
31.860
29.796
32.541
32.592
28.862
32.397
27.883
32.328
27.090
25.450
25.773
22.890
22.222
24.474
23.565
25.951
24.414
24.111
27.768
25.772
29.033
20.696
32.103
28.209
33.832
33.159
24.299
30.720
31.023
31.393
26.108
26.835
24.321
27.513
31.525
25.511
28.889
28.707
24.496
22.370
16.854
19.328
26.091
24.124
29.241
27.285
25.441
21.921
18.057
26.003
21.255
28.291
27.288
18.196
28.012
22.001
24.965
31.746
29.329
34.810
34.998
34.999
34.999
34.999
34.999
34.999
34.997
34.988
34.933
34.916
34.962
34.990
34.996
34.997
34.998
34.998
34.998
34.998
34.998
34.997
34.994
34.939
34.001
34.271
34.642
34.705
34.847
34.782
34.838
34.754
34.776
34.332
32.571
34.975
34.993
34.996
34.997
34.997
34.997
34.997
34.995
34.990
34.980
34.832
31.132
31.910
22.704
25.102
27.016
17.260
21.661
26.251
24.783
28.710
25.129
26.981
23.707
26.769
23.077
16.964
25.848
26.471
21.916
25.675
18.410
15.186
20.149
24.321
21.267
24.331
23.248
29.906
29.027
23.483
27.987
20.098
25.545
28.921
30.388
31.305
32.528
19.884
33.117
28.120
23.731
14.851
22.567
24.041
22.119
20.910
32.630
26.912
30.774
30.416
22.516
27.421
16.427
15.516
25.213
34.757
34.954
34.787
34.241
29.613
28.010
27.677
27.071
30.201
30.254
30.462
28.707
31.425
34.914
34.953
34.931
34.809
33.209
32.583
32.183
33.839
34.658
34.777
34.826
34.882
34.776
34.016
33.136
25.944
23.584
31.056
33.519
34.757
34.993
34.998
34.998
34.997
34.998
34.998
34.994
34.666
28.643
20.648
20.101
33.564
34.780
34.624
31.277
25.824
34.949
34.915
34.882
34.984
34.727
34.741
34.706
33.871
34.888
34.979
34.269
34.737
34.916
34.858
34.045
34.278
31.577
33.131
33.110
32.308
31.658
33.148
34.563
34.937
34.958
34.980
34.982
34.989
-14.240
