-11.384
-10.827
-9.832
-13.057
-12.646
-12.435
-12.037
-10.618
-11.469
-9.887
-11.196
-12.406
-12.890
-12.820
-12.837
-11.049
-10.348
-10.950
-8.812
-7.340
-8.126
-11.104
-10.315
-11.171
-12.418
-12.928
-11.611
-11.043
-10.751
-12.345
-12.842
-13.331
-13.327
-13.232
-13.148
-13.136
-13.287
-11.723
-9.494
-8.125
-7.891
-7.791
-7.921
-8.204
-9.429
-10.909
-9.660
-9.130
-9.273
-9.462
-4.549
7.093
22.240
21.489
21.919
21.706
23.228
22.081
23.188
23.554
22.815
24.196
19.734
18.094
16.728
15.162
14.606
11.037
1.772
-1.131
0.480
-0.262
0.785
1.492
5.273
7.667
7.129
1.219
-4.957
-5.961
-7.305
-3.619
-2.482
-3.192
4.026
-0.894
-3.466
11.897
18.895
18.415
20.297
21.004
21.093
20.484
20.532
18.232
16.601
16.787
15.339
14.434
13.651
10.699
4.331
-0.826
-3.542
-5.306
-5.105
-5.894
-5.342
-3.742
-2.817
0.068
0.501
0.792
-0.384
0.282
1.530
-0.813
-1.175
-0.388
0.258
0.893
3.990
5.801
5.812
2.243
-2.657
-6.989
-9.497
-10.663
-12.130
-11.996
-11.711
-11.929
-12.119
-11.968
-11.991
-11.258
-10.715
-11.370
-7.022
-5.049
10.696
16.186
17.242
16.603
11.009
5.077
-2.240
-4.122
-2.564
-1.113
0.261
5.011
1.808
0.814
-0.812
-3.465
-3.089
-3.827
-6.631
13.319
17.657
19.355
16.999
17.325
15.908
10.375
6.993
-0.167
-4.797
-7.634
-8.595
-5.593
-4.467
2.950
0.738
-0.002
-0.595
-1.880
-2.389
12.991
18.433
18.568
17.957
18.311
18.540
18.008
18.173
17.840
17.363
12.314
6.229
-0.062
-4.589
-7.675
-6.019
-4.867
-3.444
4.100
10.248
11.458
13.637
12.869
14.461
16.607
17.970
18.074
18.752
19.281
19.170
19.479
19.097
18.169
19.395
20.094
19.531
19.455
18.813
19.618
19.838
20.121
20.459
20.316
19.549
19.712
19.268
14.278
7.161
3.532
1.179
0.550
0.467
0.983
0.310
0.326
0.724
-0.452
-0.159
-0.740
-0.096
-1.099
-2.823
21.044
25.500
26.162
24.885
23.656
23.675
23.007
21.603
20.077
19.598
18.635
18.018
17.379
16.631
16.356
16.353
16.036
16.294
17.093
16.890
17.133
16.691
16.209
16.591
17.508
15.603
12.130
12.397
9.019
10.249
7.958
6.054
0.864
-3.905
-3.773
-3.643
-1.499
-1.731
-1.576
-2.083
-1.152
-3.604
-4.749
-5.581
-5.425
-8.437
-7.376
-9.504
11.249
12.334
13.307
15.066
14.269
14.891
14.762
14.798
13.555
13.570
13.982
14.112
14.588
14.267
13.904
13.241
8.762
3.549
-1.004
-2.422
-4.294
-5.774
-6.651
-5.855
-6.262
-6.226
-6.675
-8.174
-9.850
-6.238
-6.370
-9.970
-11.666
-12.207
-12.277
-12.408
-10.657
-7.905
-8.773
-10.286
14.116
12.552
12.656
12.143
12.297
10.792
9.531
9.142
7.391
6.745
1.734
-1.902
-4.954
-7.636
-9.748
-11.879
-12.844
-12.888
-12.591
-12.907
-13.066
-12.942
-12.345
-11.849
-12.038
-11.052
-11.055
-9.564
-9.473
-7.089
-9.219
-7.804
-8.590
-11.836
-12.388
-11.318
-10.385
-11.917
-12.518
-10.818
-10.494
-10.472
-10.147
-8.490
-8.029
-7.291
-6.209
-8.127
-8.984
-10.846
-12.175
-12.257
-10.125
-10.446
-11.037
-10.164
-9.424
-11.466
-12.208
-10.796
-11.611
-12.331
-11.463
-10.372
-11.119
-7.572
-5.051
-6.718
-7.604
-8.662
-11.436
-11.727
-11.526
-10.213
-7.955
-8.009
9.431
18.913
11.818
10.947
14.259
15.197
17.030
20.702
19.792
19.670
19.713
17.594
17.467
15.586
16.155
17.289
16.259
16.551
16.097
13.039
12.111
10.336
5.531
10.216
10.271
9.121
6.895
7.104
2.382
1.243
1.351
0.534
-0.558
-0.278
0.771
-0.579
-0.818
-3.306
10.025
12.012
10.972
9.892
11.978
13.547
14.293
15.108
14.822
13.808
13.749
13.611
13.263
12.571
10.401
9.631
11.106
9.958
6.065
4.840
7.090
8.043
5.769
4.331
6.919
13.614
17.712
18.358
18.558
19.545
20.435
20.206
17.990
12.399
7.901
2.037
-0.680
9.008
12.840
14.201
16.819
15.821
14.742
11.166
9.031
7.983
9.920
3.619
-1.437
-5.488
-8.819
-8.555
-8.649
-7.991
-14.609
