1.553
0.921
-1.479
-0.299
-0.826
2.782
-2.569
-0.302
-1.452
-4.038
-2.650
-1.651
-3.183
-3.428
-2.575
-4.947
-3.752
-1.559
-4.266
-3.786
-4.275
4.246
4.819
-4.045
-0.774
-4.285
-0.079
-0.066
-3.748
-1.418
-1.936
-5.946
-5.826
-5.323
-0.949
-4.480
-6.629
0.284
-7.129
-4.416
-0.648
0.419
-6.405
-6.879
-6.305
-1.261
2.608
2.343
-1.560
-3.993
-1.900
-1.515
-2.929
12.522
23.085
24.724
25.714
27.592
29.037
28.246
26.250
23.308
18.296
15.598
10.357
4.982
2.369
2.836
7.780
9.180
6.484
4.262
1.633
0.820
-2.864
-7.908
13.740
19.036
20.850
21.024
20.182
22.921
22.842
22.696
22.528
21.929
21.151
21.825
21.970
22.930
22.856
22.819
21.592
21.269
19.108
15.185
10.503
2.775
-4.012
0.671
-1.780
11.332
19.797
23.055
24.218
22.763
23.484
23.651
23.453
24.823
24.551
24.833
25.354
25.162
24.443
24.913
22.705
20.479
16.319
13.785
6.306
-0.438
-4.299
-2.128
14.164
16.917
26.252
27.009
26.359
25.745
20.686
15.128
19.786
18.352
20.855
21.473
20.292
20.806
21.833
20.820
22.787
22.713
22.713
22.936
22.016
21.108
19.489
19.202
23.696
25.176
25.821
25.606
24.603
20.689
16.571
6.673
0.318
-3.027
-5.935
2.335
10.155
13.293
9.892
16.063
23.927
26.224
24.967
24.834
21.303
15.113
14.236
7.532
5.000
6.626
10.828
16.504
19.129
22.503
25.540
24.798
24.221
22.356
23.430
23.217
23.238
23.409
23.496
23.482
23.633
21.752
19.859
17.238
13.224
5.724
3.507
3.237
-0.345
-2.202
15.457
17.593
9.773
4.366
3.587
1.423
3.993
3.138
-0.590
-2.823
-0.699
0.397
2.606
3.457
1.354
6.551
4.657
7.755
5.152
3.930
6.341
7.950
2.290
3.132
4.373
1.315
-2.572
-1.791
-4.209
4.918
3.472
3.036
2.969
-2.149
2.335
-1.266
-6.131
-3.477
-2.200
-9.063
-5.563
-3.905
-3.602
-1.275
-6.332
-3.306
-3.302
2.340
3.549
-3.842
-1.995
3.881
-0.767
3.159
4.451
15.752
12.932
27.255
32.740
32.924
32.579
33.174
32.999
32.748
31.768
32.409
31.883
31.780
31.799
31.330
30.494
30.209
29.321
29.812
30.256
30.328
31.513
30.924
31.735
31.698
32.078
31.075
31.008
30.548
30.631
30.426
29.640
29.759
29.515
29.276
28.921
27.681
23.596
23.996
19.619
22.118
16.114
13.212
13.714
14.833
16.631
14.707
16.982
17.730
17.008
18.096
13.264
8.137
4.147
8.725
9.838
8.005
7.900
6.245
3.651
12.399
24.964
28.915
30.163
29.460
29.361
28.754
28.898
29.289
28.932
28.580
28.664
28.609
28.192
27.911
27.696
27.295
22.990
23.171
22.929
15.021
14.423
11.421
10.113
0.855
4.888
2.469
0.948
3.655
7.891
10.521
13.661
14.132
13.672
17.687
18.697
16.518
16.601
15.905
15.037
9.526
7.152
4.347
3.094
9.519
4.316
4.672
13.437
10.876
9.797
10.057
15.525
15.923
4.878
10.345
18.170
12.605
15.075
19.699
7.757
9.620
14.347
7.599
18.771
20.988
27.356
29.436
29.874
30.494
30.835
31.041
31.520
31.635
31.450
30.805
29.569
29.663
29.194
28.661
28.994
29.251
29.157
28.651
28.528
28.972
28.509
28.379
28.205
27.898
26.026
22.535
17.278
13.492
11.735
15.890
19.375
23.958
26.114
28.865
30.854
31.599
31.962
32.004
32.302
31.235
28.317
21.373
23.960
20.623
10.906
1.912
1.328
10.671
2.100
-0.166
17.425
15.250
15.853
16.258
19.201
20.468
19.575
18.455
14.027
7.389
12.684
19.652
26.241
25.921
26.533
29.200
29.861
29.418
29.702
29.405
28.990
29.126
28.884
28.980
28.782
29.070
28.934
29.232
29.046
30.185
30.320
30.570
31.123
31.036
31.582
31.098
31.133
30.945
30.085
29.260
28.758
28.947
29.037
28.974
29.605
29.950
29.618
29.545
29.618
29.791
28.615
28.199
28.246
28.992
28.799
28.572
27.187
26.192
27.396
27.307
26.091
25.353
24.547
24.679
23.092
22.781
21.069
21.238
14.235
16.153
16.750
-14.716
