-3.499
-5.220
-2.503
-0.493
-0.267
-1.744
-3.993
-6.737
-5.456
-7.844
-8.995
-10.913
-12.904
0.268
10.351
1.156
-0.956
-4.885
-8.145
-9.140
-9.551
-10.329
-11.069
-11.430
-7.512
-5.220
-0.929
0.367
3.957
8.066
7.681
8.216
7.308
7.737
7.359
3.025
-0.437
-2.650
-2.113
-1.677
-2.132
1.454
3.867
5.084
4.547
5.267
5.582
6.422
7.129
7.093
6.720
7.097
7.262
7.779
7.060
6.756
4.130
2.538
1.674
3.238
3.960
5.493
8.677
9.456
8.290
7.920
6.404
4.850
0.719
-1.192
-1.372
-0.505
-1.453
-1.389
0.398
-0.054
1.679
3.353
3.331
3.078
3.131
1.492
1.324
-0.840
-3.091
-6.073
-3.908
-4.683
-4.708
-3.397
1.313
3.947
5.197
7.060
8.317
8.456
8.165
6.050
7.024
7.272
9.589
11.177
11.069
11.509
13.350
15.251
15.808
14.492
13.808
10.440
7.033
3.862
1.423
-2.384
-2.708
-4.688
-6.894
-7.112
-7.003
-7.591
-8.341
-8.943
-8.481
-7.476
-7.458
-0.508
1.360
-0.135
-0.555
-0.573
1.955
1.057
1.938
3.427
4.824
6.561
6.978
5.916
5.864
6.668
7.118
7.597
9.113
7.656
9.186
8.644
6.193
4.459
3.075
1.086
2.657
2.313
1.438
2.862
2.098
4.966
4.372
1.176
1.966
-0.265
-0.453
-0.141
-0.903
-3.586
-5.691
-1.387
-1.597
-4.668
-6.696
-8.783
-8.678
-8.923
-1.124
0.771
6.958
7.340
8.145
9.141
9.569
11.630
9.722
11.335
12.771
9.903
8.788
6.497
4.641
4.366
3.881
1.566
2.543
1.229
-0.779
-2.577
-3.222
-4.191
-6.686
-7.107
-8.246
-8.649
-7.988
-7.163
-6.141
-5.323
-7.365
-8.681
-9.629
-10.291
-10.266
-10.601
-9.228
-9.936
-10.572
-10.991
-11.208
-11.008
-11.093
-10.749
-10.953
-10.160
-10.111
-9.889
-4.259
-7.634
-8.643
-8.698
-8.947
-8.815
-8.877
-8.643
-8.152
-8.115
-8.762
-8.375
-7.220
-7.694
-7.940
-9.059
-8.907
-8.526
-8.572
-8.956
-8.711
-8.773
-6.599
-7.176
-7.077
-6.992
-6.942
-6.871
-7.256
-7.585
-7.205
-7.395
-7.821
-7.771
-7.648
-8.157
-8.413
-9.166
-9.103
-8.855
-8.622
-9.317
-8.881
-8.400
-8.351
-8.788
-9.469
-9.137
-8.721
-8.800
-8.515
-9.248
-8.980
-8.624
-9.226
-8.971
-8.529
-8.657
-9.164
-8.871
-8.609
-8.546
-8.897
-8.844
-8.631
-8.735
-9.113
-8.789
2.056
-3.942
-3.308
-2.979
-2.958
0.807
2.628
2.186
2.032
3.414
3.154
3.208
2.068
4.150
3.251
0.482
9.151
13.444
16.001
12.626
10.182
9.841
7.510
4.052
-0.379
-3.467
-3.919
-1.719
-1.216
1.304
-0.458
-0.276
1.283
7.313
12.277
10.196
11.018
10.103
10.066
9.771
7.597
6.847
6.866
4.198
-0.101
0.999
-0.005
-1.874
-0.585
1.348
3.825
3.674
3.903
4.440
3.626
1.702
-2.151
-1.659
-0.715
-0.502
0.494
1.866
-0.874
-2.800
-3.316
-5.891
-9.018
-10.553
-10.800
-9.451
-6.462
-4.777
-4.151
-6.968
-3.242
-2.007
1.341
3.117
2.780
0.610
0.342
-0.802
-3.594
-5.263
-7.284
-8.734
-10.043
-6.977
-3.847
-6.360
-7.950
-9.626
-6.677
-8.637
-10.082
-10.902
-11.073
-5.240
-4.430
-1.011
-0.711
-1.259
-2.405
-5.883
-7.154
-8.669
-8.960
-9.042
-9.180
-10.171
-8.589
-9.060
-6.482
-4.046
-4.686
-5.221
-8.222
-10.023
-10.676
-9.976
-10.365
-10.602
-10.533
-9.507
-11.381
-11.987
-12.624
-12.360
-10.110
-6.870
-7.050
-7.701
8.020
13.525
13.674
15.519
15.360
15.661
15.500
15.911
15.517
14.688
12.900
12.940
13.749
11.664
9.825
5.946
3.941
4.864
0.378
-4.318
-6.942
-6.314
-2.242
2.708
2.249
2.483
4.382
2.392
-3.763
-7.505
-9.724
-11.135
-10.598
-11.287
-9.116
-8.198
-4.835
-4.150
-4.616
-5.418
-6.386
-7.482
-9.257
-8.346
-5.054
-4.024
-5.393
-7.618
8.429
13.052
12.505
12.194
12.013
11.043
9.829
10.146
9.677
10.681
9.889
7.564
6.986
7.565
6.704
4.141
-0.023
-3.306
-4.945
-8.250
-10.036
-8.631
-5.666
-2.331
-0.498
1.206
0.979
0.762
2.546
-14.689
