-14.635
-14.838
-14.826
-14.804
-14.795
-14.837
-14.786
-14.774
-14.762
-14.747
-14.622
-14.544
-14.687
-14.677
-14.667
-14.605
-14.493
-14.413
-14.328
-14.322
-14.540
-14.607
-14.243
-14.395
-14.528
-14.444
-14.291
-14.193
-14.133
-14.102
-14.276
-14.011
-13.806
-13.784
-13.339
-13.595
-13.704
-13.554
-13.151
-13.593
-13.457
-13.440
-13.180
-13.015
-12.796
-12.966
-7.906
-0.388
3.757
3.827
1.889
0.171
-3.708
-4.995
-4.554
-3.031
-3.845
-0.049
0.501
3.436
2.789
3.370
2.985
1.851
1.402
0.648
-0.925
-5.528
-7.879
-5.877
-4.678
-5.177
-1.173
-0.679
1.319
0.476
-1.415
1.853
1.477
1.736
1.498
1.444
0.077
1.130
2.958
2.334
2.385
0.344
-2.266
-4.663
-7.699
-7.704
-7.610
-7.936
-8.595
-7.086
-1.317
0.974
1.278
-3.023
-3.000
-1.880
-0.958
-1.454
-1.368
-1.457
-1.354
-0.702
-0.050
0.030
-0.636
-0.792
-2.322
-3.282
-5.278
-5.655
-6.952
-7.865
-8.992
-8.359
-10.308
-11.365
-11.194
-8.636
-9.876
-9.682
-10.734
-11.010
-10.496
-11.991
-12.347
-12.257
-12.890
-12.833
-12.684
-12.976
-13.297
-13.074
-12.839
-12.972
-12.725
-12.763
-12.897
-12.291
-11.352
-9.643
-10.792
-11.405
-12.623
-11.458
-11.540
-7.705
-5.541
-4.808
-3.616
-3.503
-5.603
-8.301
-10.088
-9.524
-7.787
-7.823
-7.460
-9.134
-9.797
-10.589
-11.791
-12.212
-9.326
-8.730
-9.106
-9.028
-9.577
-8.057
-8.557
-7.994
-8.540
-8.280
-7.965
-9.555
-10.797
-11.928
-10.916
-11.824
-11.169
-11.071
-11.323
-12.563
-13.094
-13.110
-13.042
-12.934
-13.173
-13.147
-13.405
-13.880
-13.829
-13.685
-12.271
-12.919
-12.074
-12.012
-12.582
-11.873
-12.999
-13.208
-13.551
-13.869
-13.583
-13.283
-13.163
-13.291
-8.608
-5.798
0.589
-0.498
-1.358
-2.010
-6.143
-7.682
-5.251
-4.729
-6.028
-7.736
-9.329
-0.629
1.092
0.154
-2.800
-5.985
-6.933
-5.649
-5.322
-5.027
-5.721
-7.417
-6.866
-5.100
-3.890
-4.946
-4.662
-7.168
-10.561
-5.161
-5.573
-6.768
-4.175
-7.543
-7.899
-8.008
-4.054
-4.040
-7.083
-5.375
-5.541
-6.339
-5.354
-5.800
-7.055
-9.825
-9.758
-5.641
-5.287
-5.693
-5.393
-5.559
-5.413
-6.485
-8.728
-10.658
-6.783
-7.183
-8.308
-7.208
-7.409
-6.981
-6.327
-6.870
-7.704
-7.965
-7.573
-7.922
-6.705
-5.994
-6.151
-6.301
-6.669
-7.402
-7.699
-8.439
-9.267
-9.899
-10.819
-11.755
-12.407
-11.494
-11.848
-12.288
-12.018
-11.934
-11.917
-10.444
-10.789
-11.144
-11.043
-8.746
-7.349
-5.732
-5.557
-6.563
-6.230
-6.634
-5.887
-6.187
-6.738
-5.537
-6.226
-7.266
-7.495
-8.529
-7.592
-7.249
-6.702
-7.587
-7.325
-7.579
-7.933
-8.581
-9.049
-6.957
-7.143
-7.489
-8.928
-8.957
-9.680
-11.092
-11.552
-9.764
-9.825
-8.732
-5.382
-4.075
-3.299
-2.707
-5.344
-6.367
-6.915
-8.669
-8.258
-9.706
-7.249
-6.968
-7.975
-8.327
-8.319
-8.018
-9.393
-9.612
-8.267
-3.749
-4.037
-5.070
-4.855
-5.214
-5.567
-6.309
-7.881
-8.233
-7.557
-7.884
-8.445
-7.609
-10.302
-11.775
-8.888
-5.483
-5.498
-5.774
-5.865
-4.376
-3.520
-3.393
-3.202
-3.131
-4.123
-4.353
-4.309
-3.831
-3.936
-5.173
-7.129
-4.034
-3.468
-4.609
-4.268
-6.265
-8.077
-7.491
-7.287
-7.184
-8.349
-9.695
-9.581
-9.394
-7.756
-7.795
-7.143
-7.103
-7.065
-5.429
-3.362
-3.024
-3.501
-3.678
-4.245
-4.435
-4.280
-4.222
-4.473
-5.222
-5.176
-4.594
-4.732
-5.044
-6.816
-7.939
-9.344
-9.747
-10.903
-11.545
-10.594
-9.189
-8.012
-7.177
-7.201
-7.122
-6.219
-6.187
-6.557
-6.032
-4.966
-4.555
-5.137
-5.397
-5.517
-5.599
-6.025
-6.575
-5.538
-4.554
-5.216
-6.518
-8.179
-8.658
-9.015
-10.342
-11.095
-11.771
-9.573
-9.570
-9.897
-6.833
-6.769
-6.786
-7.263
-7.421
-8.642
-10.275
-10.462
-10.608
-11.350
-8.892
-7.746
-7.353
-7.105
-6.953
-5.672
-5.071
-5.132
-6.865
-9.522
-10.953
-11.395
-11.540
-11.766
-11.799
-11.802
-12.267
-12.410
-12.771
-12.473
-12.730
-12.605
-12.664
-12.607
-12.803
-11.529
-10.933
-11.561
-14.918
