-13.682
-12.968
-12.501
-12.167
-12.359
-12.962
-12.938
-12.688
-11.874
-11.917
-12.429
-12.987
-13.028
-13.044
-13.104
-12.945
-12.959
-12.778
-12.092
-11.965
-12.370
-12.334
-12.119
-12.441
-12.521
-12.468
-12.833
-13.127
-9.675
-10.824
-8.002
-6.881
-6.375
-3.635
-3.904
-6.964
-8.055
-7.903
-6.066
-6.463
-7.191
-8.558
-9.511
-11.830
-12.115
-6.718
-8.643
-10.886
-9.556
-0.272
0.356
-0.303
1.502
0.174
-1.707
-3.967
-0.822
0.072
2.050
1.561
-0.081
-0.372
-2.627
-4.966
-6.929
-9.061
-8.117
-7.759
-7.886
-4.967
-7.381
-8.307
-7.708
-5.127
-0.306
2.688
3.796
1.970
-2.745
-5.472
-3.897
-5.542
-7.259
1.680
5.893
5.499
3.204
3.422
1.221
0.861
4.390
5.156
8.674
9.190
10.904
10.684
7.317
9.279
6.042
2.106
-2.811
-6.526
-3.352
-3.523
-2.224
-2.318
-3.367
-4.853
-5.424
-2.962
-3.954
1.214
2.649
4.064
3.868
2.796
4.355
4.338
3.830
4.982
2.656
1.811
1.955
-1.399
-0.530
-2.006
1.702
2.516
4.074
1.949
-0.576
-0.133
0.190
-1.246
-2.521
-1.873
-3.981
-5.594
-7.422
-6.772
-9.741
-11.114
-12.455
-12.299
-12.719
-12.991
-12.687
-12.827
-12.966
-9.116
-8.788
-9.548
-9.602
-10.389
-11.231
-11.786
-11.320
-11.791
-11.954
-12.365
-12.561
-12.965
-13.435
-13.378
-12.907
-12.751
-12.576
-12.090
-12.167
-12.008
-13.240
-13.787
-13.829
-13.325
-13.498
-13.661
-13.596
-13.583
-13.675
-13.604
-13.352
-12.252
-12.118
-10.837
-11.696
-11.241
-12.540
-12.906
-12.776
-12.941
-13.096
-13.124
-13.157
-13.543
-13.597
-13.718
-13.503
-12.993
-12.865
-12.942
-12.933
-12.934
-12.209
3.099
-7.228
-9.795
-11.282
-10.392
-11.759
-11.991
-12.293
-11.796
-12.463
-12.956
-12.575
-11.992
-11.991
-11.953
-12.521
-12.264
-10.984
-8.841
-4.759
-5.632
-7.592
-4.377
-2.932
-3.342
-4.246
-5.129
-2.050
-2.437
0.704
-0.256
-0.689
0.632
-0.536
0.970
-5.062
-9.880
0.192
5.040
3.976
2.198
3.013
1.487
0.921
-1.686
-3.589
-3.297
-3.554
-1.455
-1.101
-1.975
-3.845
-2.183
-0.822
0.372
-0.017
-0.969
-1.782
-1.993
-2.244
-3.508
-0.101
-0.636
-0.300
0.996
1.835
1.707
1.600
1.345
1.099
0.272
1.226
2.502
2.593
3.853
4.711
5.567
5.637
5.168
5.081
4.988
4.590
4.343
2.916
1.332
-0.641
-2.868
-4.049
-1.957
-0.436
-1.199
1.724
3.021
3.988
7.274
8.037
8.343
7.219
7.560
6.701
4.632
6.610
5.059
2.037
1.543
-1.483
-7.055
-6.457
-2.122
-2.201
-7.403
-9.744
-8.826
-8.851
-9.547
5.388
7.203
8.409
8.184
5.249
3.427
6.436
7.377
5.729
4.751
4.519
4.524
2.949
-0.306
-4.094
-8.868
-10.013
-5.094
-6.771
-8.653
-10.195
-11.265
-11.975
-12.188
-12.171
-11.967
-11.847
-12.178
-12.188
-11.937
-11.577
-11.455
-11.365
-11.415
-10.212
-10.549
-11.074
-11.302
-11.380
-11.285
-11.785
-12.341
-11.576
-12.183
-12.546
-12.742
-12.440
-12.721
-12.397
-12.385
-12.300
-12.896
-12.934
-12.845
-12.767
-12.617
-12.666
-12.790
-12.761
-12.732
-12.838
-12.968
-12.877
-13.044
-12.918
-13.230
-13.295
-12.987
7.865
7.215
6.089
6.785
7.086
6.910
5.106
2.412
2.127
2.393
2.587
4.649
4.228
4.579
4.784
6.466
4.822
2.789
2.375
3.705
2.162
2.830
2.311
0.490
0.163
-0.365
-1.379
-3.444
-2.535
-2.882
-3.809
-4.479
-6.388
-9.440
-9.487
-7.415
-4.953
-4.468
-2.897
-1.501
-1.274
-1.499
-1.967
-2.525
-2.268
-3.603
-3.427
-3.835
-4.474
-4.022
-3.961
-4.672
-4.797
-4.801
-5.164
-3.217
-2.409
-1.389
-0.991
-1.155
-2.736
-2.743
-2.032
-0.378
-0.337
-1.792
-1.020
-2.609
-4.025
-0.388
-0.428
-0.193
-1.477
-3.442
-5.161
-2.557
-2.095
-2.314
-3.235
-3.727
-3.913
-3.649
-2.679
-2.447
-2.998
-3.273
-3.925
-5.206
-5.414
-5.501
-3.087
-3.063
-3.204
-3.182
-3.664
-3.410
-3.039
-3.219
-3.417
-2.761
-1.833
-2.199
-5.497
-6.441
-4.479
-3.543
-3.946
-6.093
-7.471
-7.657
-6.465
-6.820
-6.462
-14.888
